  -8.0000000e+00
  -7.5000000e+00
  -7.0000000e+00
  -6.5000000e+00
  -6.0000000e+00
  -5.5000000e+00
  -5.0000000e+00
  -4.5000000e+00
  -4.0000000e+00
  -3.5000000e+00
  -3.0000000e+00
  -2.5000000e+00
  -2.0000000e+00
  -1.5000000e+00
  -1.0000000e+00
  -5.0000000e-01
   0.0000000e+00
   5.0000000e-01
   1.0000000e+00
   1.5000000e+00
   2.0000000e+00
   2.5000000e+00
   3.0000000e+00
   3.5000000e+00
   4.0000000e+00
   4.5000000e+00
   5.0000000e+00
   5.5000000e+00
   6.0000000e+00
   6.5000000e+00
   7.0000000e+00
   7.5000000e+00
   8.0000000e+00
   8.5000000e+00
   9.0000000e+00
   9.5000000e+00
   1.0000000e+01
   1.0500000e+01
   1.1000000e+01
   1.1500000e+01
   1.2000000e+01
   1.2500000e+01
   1.3000000e+01
   1.3500000e+01
   1.4000000e+01
   1.4500000e+01
   1.5000000e+01
   1.5500000e+01
   1.6000000e+01
   1.6500000e+01
   1.7000000e+01
   1.7500000e+01
   1.8000000e+01
